> cor(pokemon[5:12])
                Total         HP     Attack    Defense    Sp..Atk    Sp..Def
Total      1.00000000 0.61874835 0.73621065 0.61278743 0.74724986 0.71760947
HP         0.61874835 1.00000000 0.42238603 0.23962232 0.36237986 0.37871807
Attack     0.73621065 0.42238603 1.00000000 0.43868706 0.39636176 0.26398955
Defense    0.61278743 0.23962232 0.43868706 1.00000000 0.22354861 0.51074659
Sp..Atk    0.74724986 0.36237986 0.39636176 0.22354861 1.00000000 0.50612142
Sp..Def    0.71760947 0.37871807 0.26398955 0.51074659 0.50612142 1.00000000
Speed      0.57594266 0.17595206 0.38123974 0.01522660 0.47301788 0.25913311
Generation 0.04838402 0.05868251 0.05145134 0.04241857 0.03643683 0.02848599
                 Speed  Generation
Total       0.57594266  0.04838402
HP          0.17595206  0.05868251
Attack      0.38123974  0.05145134
Defense     0.01522660  0.04241857
Sp..Atk     0.47301788  0.03643683
Sp..Def     0.25913311  0.02848599
Speed       1.00000000 -0.02312106
Generation -0.02312106  1.00000000